0 214 101 200
1 214 197 101
2 179 206 23
3 143 57 100
4 234 34 49
5 70 12 253
6 35 245 204
7 124 221 151
8 90 201 231
9 53 178 52
10 144 156 129
11 236 134 79
12 200 112 29
13 161 87 231
14 255 67 55
15 91 172 131
16 55 23 82
17 146 0 31
18 237 233 236
19 74 84 58
20 38 189 135
21 129 39 85
22 221 144 162
23 186 123 241
24 22 229 63
25 240 205 11
26 203 55 87
27 168 35 39
28 132 11 115
29 223 118 193
30 59 222 141
31 151 201 220
32 115 178 170
33 79 156 119
34 43 7 197
35 134 112 18
36 97 89 223
37 61 194 45
38 153 45 122
39 244 150 72
40 209 129 23
41 171 232 97
42 9 84 176
43 100 62 125
44 191 167 202
45 155 17 152
46 120 124 103
47 211 228 52
48 174 79 2
49 11 56 79
50 228 160 27
51 194 12 233
52 157 116 54
53 249 223 132
54 84 199 208
55 49 51 160
56 13 29 109
57 232 134 186
58 195 239 8
59 32 218 86
60 251 68 35
61 215 46 240
62 178 151 190
63 142 1 139
