-4.6288505 -7.045186 91.795662 19.768675 2.5999999 0 255 100.40689 95.646423 1500 1.5
-2.5382557 -6.7219572 130.2382 19.80983 -2.5999999 0 255 137.13553 133.84644 1500 1.5
3.1544116 0.42656401 124.242 20.710846 2.5999999 30 255 131.65561 130.20609 1500 0.80000001
5.4246507 0.76617903 124.15337 20.753471 -2.5999999 0 255 132.06726 128.49062 1600 1.7
-0.34089389 -6.4329958 104.00142 19.846577 2.5999999 0 255 113.75922 109.45305 1500 1
1.9382912 -6.0742288 125.11476 19.892141 -2.5999999 0 255 131.2413 131.09938 1500 1.3
-1.0997542 -8.5053186 118.31315 19.582005 2.5999999 0 255 125.21423 123.50364 1300 1.3
1.1558977 -8.0924683 131.59038 19.634918 -2.5999999 0 255 139.12733 138.05623 1500 1.5
3.9595115 -5.7729578 103.47359 19.930359 2.5999999 0 255 112.24272 109.80409 1600 1.3
6.1573682 -5.3901148 115.33277 19.978863 -2.5999999 0 255 123.0314 119.19673 1500 1.5
3.1835856 -7.8282561 111.45392 19.668724 2.5999999 0 255 118.9617 116.09354 1400 1.5
5.4243221 -7.4140372 132.78252 19.72164 -2.5999999 0 255 140.40132 138.44057 1500 1.5
-4.6332874 -2.9672921 101.42641 20.284592 2.5999999 0 255 111.57034 108.77882 1500 1.5
-2.3813565 -2.5933869 126.24786 20.331627 -2.5999999 0 255 133.20422 131.4581 1500 1.3
-5.3873367 -5.0067892 111.85003 20.027367 2.5999999 0 255 121.72118 115.45381 1500 1.3
-3.151016 -4.692822 130.16771 20.067053 -2.5999999 0 255 137.86029 133.29337 1500 1.5
-0.3897253 -2.3011179 108.25213 20.368372 2.5999999 0 255 115.61375 112.44025 1500 1.4
1.8966188 -1.950238 125.75632 20.412466 -2.5999999 0 255 135.10095 136.20467 1500 1.1
-1.1273113 -4.3552842 115.62494 20.109678 2.5999999 0 255 125.49408 121.1881 1700 1.4
1.1150007 -4.0174432 130.8916 20.152304 -2.5999999 0 255 137.90083 136.99036 1500 1.5
3.9177389 -1.622618 103.8434 20.453623 2.5999999 0 255 111.0675 109.44606 1500 1.1
6.1255121 -1.283185 130.21753 20.496248 -2.5999999 0 255 136.32825 137.92126 1500 1.2
3.1204555 -3.6676581 115.09104 20.1964 2.5999999 0 255 123.88581 122.73315 1300 1.1
5.3914866 -3.329272 130.24599 20.239025 -2.5999999 0 255 138.68692 137.42937 1500 1
-4.6322188 1.129154 109.83512 20.799038 2.5999999 0 255 119.62273 115.51588 1500 1.6
-2.4145529 1.503744 117.97771 20.846071 -2.5999999 0 255 122.98537 122.04882 1500 1.6
-5.4174056 -0.93195403 122.52381 20.540344 2.5999999 0 255 131.74039 127.42941 1500 1.4
-3.1966786 -0.568941 121.29757 20.585909 -2.5999999 0 255 128.076 126.17734 1500 1.4
-0.4076165 1.761201 114.57796 20.878408 2.5999999 0 255 122.95097 121.28674 1500 1.2
1.8474735 2.158946 121.45763 20.928383 -2.5999999 0 255 129.33908 122.73591 1500 1.3
-1.1825707 -0.27615401 124.7569 20.622656 2.5999999 0 255 133.28255 128.49974 1500 1.5
1.0945114 0.14548101 124.5182 20.67557 -2.5999999 0 255 132.07083 131.31664 1500 1.3
-7.5799561 -22.557571 103.23891 10.833829 2.5999999 0 255 112.28394 108.48536 1100 1.4
-4.0633712 -22.187004 95.43882 10.880826 -2.5999999 30 255 103.00523 103.85645 0 0.80000001
4.8029404 -11.329009 127.24711 12.170087 2.5999999 40 255 128.73834 128.73895 0 0.80000001
8.0298471 -10.697071 93.925415 12.241219 -2.5999999 0 255 98.838623 96.83181 1100 1.5
-0.62162769 -21.75388 103.23783 10.935445 2.5999999 0 255 111.59992 105.88911 0 0.55000001
2.8836825 -21.226589 83.703613 11.001496 -2.5999999 0 255 92.213829 88.78083 1000 1
-1.9112797 -24.767878 115.06123 10.548032 2.5999999 30 255 115.20689 115.68085 0 0.85000002
1.5897286 -24.312366 93.746689 10.607732 -2.5999999 20 255 97.029335 94.326965 0 0.80000001
6.2726946 -20.613464 104.39416 11.077708 2.5999999 30 255 110.74763 110.12309 0 0.69999999
9.7271271 -19.912579 78.174011 11.164083 -2.5999999 0 255 84.854897 83.060654 1300 1.8
5.1050115 -23.833963 98.619804 10.669972 2.5999999 30 255 105.36799 105.82945 0 0.85000002
8.7010517 -22.995665 89.816574 10.777939 -2.5999999 0 240 95.199989 96.888603 1100 2
-7.3492746 -16.370895 107.35994 11.589602 2.5999999 0 255 117.52302 110.99128 1300 1.4
-3.9109802 -16.003632 93.900871 11.632789 -2.5999999 0 255 103.87317 99.652031 0 0.5
-8.7771435 -19.372372 120.95899 11.230133 2.5999999 0 255 126.20873 125.66032 1200 1.65
-5.1699219 -19.059069 85.047516 11.26824 -2.5999999 40 255 93.166885 92.660194 0 0.69999999
-0.63668782 -15.526341 107.25275 11.688678 2.5999999 0 255 117.00444 113.25474 800 0.60000002
2.8010485 -15.003131 81.828506 11.749648 -2.5999999 0 255 92.656609 88.170479 1200 0.80000001
-1.8957471 -18.618452 74.088188 11.321588 2.5999999 0 255 78.979691 76.506172 900 0.80000001
1.5979959 -18.207253 89.108368 11.371126 -2.5999999 0 255 93.39286 92.904999 1200 1
5.9953437 -14.433419 109.65629 11.815699 2.5999999 30 255 115.60797 116.05811 0 0.69999999
9.4185343 -13.78347 92.543381 11.890641 -2.5999999 0 255 97.209991 97.373306 1200 1.5
4.8727689 -17.592127 118.86611 11.444798 2.5999999 20 255 127.3502 123.56428 600 0.80000001
8.3343868 -17.004923 95.149361 11.51466 -2.5999999 0 255 103.19991 101.59895 1300 1.3
-7.1941123 -10.232719 112.76922 12.293297 2.5999999 0 255 120.08467 118.01581 800 1.3
-3.8476825 -9.789752 99.167641 12.342835 -2.5999999 30 255 105.15901 105.62388 0 0.75
-8.5315752 -13.37401 120.37539 11.937639 2.5999999 0 255 127.33579 120.98859 1100 1.6
-5.0542784 -12.840743 95.274071 11.998609 -2.5999999 30 255 101.24712 102.2641 0 0.64999998
-0.56135893 -9.3798056 110.12746 12.388563 2.5999999 0 255 118.84297 115.3912 0 0.75
2.6325812 -8.8431444 85.96244 12.448263 -2.5999999 30 255 91.090889 93.269173 0 0.80000001
-1.8645425 -12.416959 123.32108 12.046877 2.5999999 0 255 127.82698 124.16851 800 0.80000001
1.5050992 -11.913321 92.664032 12.104036 -2.5999999 0 255 100.51865 98.11338 0 0.5
